((("to_s" .
   [0 0 1 0])
  ("MyClass" .
   [1 0 1 0 0 0 0])
  ("mutate" .
   [0 0 0 1 0 0])
  ("name:" .
   [1 0 0 1 1])
  ("say_hello" .
   [0 0 0 3 0 0 0 0 0])
  ("test" .
   [1 0 0 0])
  ("end" .
   [2 0 0])
  ("name" .
   [9 0 0 0])
  ("def" .
   [5 0 0])
  ("hello" .
   [0 0 1 0 0])
  ("MyModule" .
   [0 0 3 0 0 0 0 0])
  ("MyModule::Saluter" .
   [0 0 0 0 0 0 0 0 0 0 1 1 0 1 0 0 0])
  ("new" .
   [3 0 0])
  ("puts" .
   [5 0 0 0])
  ("some_method" .
   [0 0 0 1 0 0 0 0 0 0 0])
  ("load-theme" .
   [1 0 0 0 0 0 0 0 0 0])
  ("wombat" .
   [1 0 0 0 0 0])))
